time,total,unique,duplicate,unreachable,reachable,stale,pristine
2022-10-12,317,308,9,75,233,21,212
2022-10-13,316,307,9,79,228,16,212
2022-10-14,318,309,9,82,227,21,206
2022-10-15,318,311,7,78,233,17,216
2022-10-16,318,307,11,82,225,16,209
2022-10-17,317,311,6,83,228,9,219
2022-10-18,314,304,10,87,217,17,200
2022-10-19,318,310,8,90,220,14,206
2022-10-20,319,314,5,98,216,20,196
2022-10-21,319,313,6,102,211,13,198
2022-10-22,319,316,3,86,230,20,210
2022-10-23,322,308,14,76,232,18,214
2022-10-24,317,309,8,61,248,20,228
2022-10-25,317,315,2,73,242,13,229
2022-10-26,319,307,12,69,238,12,226
2022-10-27,317,311,6,73,238,13,225
2022-10-28,314,305,9,84,221,9,212
2022-10-29,314,309,5,74,235,22,213
2022-10-30,320,319,1,83,236,20,216
2022-10-31,313,308,5,76,232,20,212
2022-11-01,280,273,7,74,199,20,179
2022-11-02,320,311,9,74,237,13,224
2022-11-03,316,308,8,75,233,13,220
2022-11-04,318,309,9,76,233,24,209
2022-11-05,320,312,8,91,221,18,203
2022-11-06,320,309,11,68,241,17,224
2022-11-07,318,313,5,71,242,13,229
2022-11-08,319,312,7,72,240,19,221
2022-11-09,317,310,7,73,237,15,222
2022-11-10,319,315,4,79,236,19,217
2022-11-11,317,312,5,70,242,14,228
2022-11-12,316,307,9,71,236,15,221
2022-11-13,321,319,2,79,240,23,217
2022-11-14,313,307,6,63,244,17,227
2022-11-15,319,309,10,85,224,18,206
2022-11-16,322,314,8,76,238,14,224
2022-11-17,327,318,9,78,240,19,221
2022-11-18,316,310,6,79,231,22,209
2022-11-19,322,311,11,74,237,15,222
2022-11-20,318,310,8,80,230,17,213
2022-11-21,321,316,5,85,231,21,210
2022-11-22,323,313,10,88,225,17,208
2022-11-23,320,315,5,85,230,21,209
2022-11-24,322,317,5,80,237,13,224
2022-11-25,319,312,7,84,228,17,211
2022-11-26,319,315,4,79,236,22,214
2022-11-27,316,311,5,72,239,14,225
2022-11-28,316,311,5,86,225,15,210
2022-11-29,317,311,6,80,231,21,210
2022-11-30,318,311,7,76,235,25,210
2022-12-01,318,308,10,86,222,19,203
2022-12-02,313,307,6,42,265,17,248
2022-12-03,319,310,9,71,239,19,220
2022-12-04,323,315,8,61,254,14,240
2022-12-05,319,305,14,50,255,19,236
2022-12-06,316,306,10,47,259,20,239
2022-12-07,318,305,13,49,256,26,230
2022-12-08,321,315,6,50,265,25,240
2022-12-09,317,310,7,57,253,31,222
2022-12-10,316,304,12,56,248,26,222
2022-12-11,318,305,13,53,252,31,221
2022-12-12,315,306,9,44,262,24,238
2022-12-13,317,305,12,58,247,19,228
2022-12-14,318,306,12,52,254,18,236
2022-12-15,315,296,19,51,245,21,224
2022-12-16,320,310,10,59,251,25,226
2022-12-17,318,307,11,65,242,26,216
2022-12-18,315,307,8,52,255,21,234
2022-12-19,317,305,12,60,245,29,216
2022-12-20,315,299,16,41,258,37,221
2022-12-21,319,310,9,50,260,27,233
2022-12-22,309,300,9,64,236,27,209
2022-12-23,320,308,12,73,235,19,216
2022-12-24,319,311,8,58,253,23,230
2022-12-25,319,302,17,62,240,20,220
2022-12-26,316,301,15,54,247,27,220
2022-12-27,318,302,16,61,241,31,210
2022-12-28,318,312,6,60,252,26,226
2022-12-29,319,311,8,67,244,18,226
2022-12-30,318,299,19,51,248,25,223
2022-12-31,317,307,10,51,256,19,237
2023-01-01,320,304,16,55,249,22,227
2023-01-02,312,302,10,47,255,19,236
2023-01-03,323,305,18,56,249,25,224
2023-01-04,318,311,7,54,257,28,229
2023-01-05,319,306,13,54,252,26,226
2023-01-06,314,303,11,57,246,26,220
2023-01-07,317,303,14,63,240,30,210
2023-01-08,321,307,14,58,249,15,234
2023-01-09,319,307,12,51,256,23,233
2023-01-10,316,300,16,51,249,32,217
2023-01-11,317,299,18,57,242,23,219
2023-01-12,319,315,4,57,258,24,234
2023-01-13,314,305,9,58,247,27,220
2023-01-14,319,305,14,70,235,24,211
2023-01-15,319,307,12,48,259,25,234
2023-01-16,328,317,11,53,264,31,233
2023-01-17,314,300,14,56,244,21,223
2023-01-18,318,303,15,51,252,27,225
2023-01-19,318,309,9,56,253,33,220
2023-01-20,320,313,7,58,255,29,226
2023-01-21,320,309,11,64,245,20,225
2023-01-22,322,313,9,62,251,27,224
2023-01-23,315,298,17,58,240,31,209
2023-01-24,315,302,13,54,248,18,230
2023-01-25,317,301,16,50,251,26,225
2023-01-26,315,302,13,47,255,27,228
2023-01-27,319,303,16,60,243,32,211
2023-01-28,319,305,14,62,243,21,222
2023-01-29,322,311,11,71,240,26,214
2023-01-30,317,309,8,66,243,20,223
2023-01-31,321,305,16,70,235,26,209
2023-02-01,315,307,8,53,254,29,225
2023-02-02,315,304,11,54,250,21,229
2023-02-03,317,302,15,55,247,31,216
2023-02-04,317,299,18,50,249,34,215
2023-02-05,318,306,12,50,256,33,223
2023-02-06,317,303,14,49,254,24,230
2023-02-07,317,309,8,67,242,28,214
2023-02-08,292,279,13,64,215,18,197
2023-02-09,318,309,9,53,256,11,245
2023-02-10,319,303,16,53,250,23,227
2023-02-11,315,299,16,62,237,21,216
2023-02-12,314,305,9,42,263,27,236
2023-02-13,315,299,16,46,253,23,230
2023-02-14,318,306,12,73,233,23,210
2023-02-15,315,303,12,51,252,30,222
2023-02-16,315,308,7,59,249,27,222
2023-02-17,319,307,12,59,248,21,227
2023-02-18,319,306,13,56,250,22,228
2023-02-19,313,300,13,39,261,26,235
2023-02-20,319,309,10,56,253,22,231
2023-02-21,318,309,9,54,255,25,230
2023-02-22,319,306,13,50,256,24,232
2023-02-23,321,305,16,50,255,27,228
2023-02-24,314,303,11,39,264,29,235
2023-02-25,318,300,18,60,240,24,216
2023-02-26,315,307,8,46,261,27,234
2023-02-27,315,310,5,46,264,31,233
2023-02-28,315,308,7,53,255,28,227
2023-03-01,318,310,8,52,258,23,235
2023-03-02,319,307,12,47,260,22,238
2023-03-03,320,305,15,54,251,33,218
2023-03-04,317,309,8,57,252,21,231
2023-03-05,316,303,13,44,259,25,234
2023-03-06,317,310,7,56,254,26,228
2023-03-07,318,310,8,48,262,28,234
2023-03-08,320,308,12,56,252,17,235
2023-03-09,316,308,8,44,264,18,246
2023-03-10,322,315,7,57,258,24,234
2023-03-11,318,305,13,46,259,28,231
2023-03-12,316,306,10,55,251,25,226
2023-03-13,317,305,12,43,262,18,244
2023-03-14,313,301,12,42,259,23,236
2023-03-15,294,279,15,48,231,28,203
2023-03-16,278,269,9,61,208,25,183
2023-03-17,281,273,8,53,220,19,201
2023-03-18,313,303,10,53,250,28,222
2023-03-19,280,274,6,52,222,25,197
2023-03-20,314,303,11,43,260,22,238
2023-03-21,316,311,5,58,253,25,228
2023-03-22,316,307,9,45,262,31,231
2023-03-23,279,273,6,50,223,21,202
2023-03-24,316,307,9,44,263,17,246
2023-03-25,318,307,11,53,254,27,227
2023-03-26,316,308,8,47,261,26,235
2023-03-27,315,305,10,45,260,27,233
2023-03-28,317,308,9,49,259,31,228
2023-03-29,314,308,6,48,260,22,238
2023-03-30,321,308,13,56,252,26,226
2023-03-31,319,312,7,55,257,26,231
2023-04-01,322,306,16,44,262,23,239
2023-04-02,322,315,7,52,263,20,243
2023-04-03,316,309,7,43,266,31,235
2023-04-04,315,304,11,37,267,30,237
2023-04-05,290,283,7,51,232,27,205
2023-04-06,293,285,8,42,243,16,227
2023-04-07,320,306,14,46,260,27,233
2023-04-08,317,311,6,53,258,21,237
2023-04-09,318,311,7,54,257,23,234
2023-04-10,319,308,11,53,255,26,229
2023-04-11,314,311,3,107,204,10,194
2023-04-12,320,308,12,54,254,28,226
2023-04-13,283,270,13,44,226,18,208
2023-04-14,318,310,8,51,259,29,230
2023-04-15,319,307,12,54,253,22,231
2023-04-16,320,314,6,46,268,22,246
2023-04-17,316,308,8,56,252,26,226
2023-04-18,320,310,10,39,271,27,244
2023-04-19,290,282,8,50,232,27,205
2023-04-20,319,310,9,52,258,21,237
2023-04-21,319,308,11,51,257,22,235
2023-04-22,319,306,13,59,247,27,220
2023-04-23,313,297,16,49,248,30,218
2023-04-24,322,311,11,54,257,25,232
2023-04-25,317,309,8,43,266,26,240
2023-04-26,320,310,10,49,261,23,238
2023-04-27,319,305,14,59,246,20,226
2023-04-28,319,309,10,63,246,21,225
2023-04-29,314,308,6,49,259,16,243
2023-04-30,316,304,12,60,244,28,216
2023-05-01,320,313,7,50,263,17,246
2023-05-02,319,312,7,50,262,23,239
2023-05-03,318,310,8,55,255,29,226
2023-05-04,316,310,6,56,254,20,234
2023-05-05,312,302,10,48,254,17,237
2023-05-06,318,311,7,49,262,25,237
2023-05-07,318,310,8,56,254,21,233
2023-05-08,318,310,8,50,260,24,236
2023-05-09,314,301,13,53,248,18,230
2023-05-10,315,304,11,62,242,17,225
2023-05-11,317,305,12,56,249,17,232
2023-05-12,321,310,11,49,261,24,237
2023-05-13,314,291,23,43,248,26,222
2023-05-14,318,306,12,60,246,28,218
2023-05-15,317,309,8,47,262,27,235
2023-05-16,319,307,12,51,256,22,234
2023-05-17,314,306,8,45,261,16,245
2023-05-18,315,308,7,48,260,26,234
2023-05-19,315,299,16,57,242,26,216
2023-05-20,317,310,7,54,256,31,225
2023-05-21,318,308,10,53,255,23,232
2023-05-22,319,302,17,48,254,22,232
2023-05-23,316,300,16,59,241,24,217
2023-05-24,317,305,12,54,251,20,231
2023-05-25,319,307,12,65,242,24,218
2023-05-26,318,306,12,63,243,20,223
2023-05-27,324,311,13,39,272,23,249
2023-05-28,324,309,15,41,268,33,235
2023-05-29,324,311,13,46,265,20,245
2023-05-30,324,316,8,52,264,25,239
2023-05-31,324,312,12,48,264,30,234
2023-06-01,324,309,15,42,267,33,234
2023-06-02,324,305,19,45,260,34,226
2023-06-03,324,313,11,77,236,48,188
2023-06-04,324,313,11,46,267,58,209
2023-06-05,324,319,5,50,269,55,214
2023-06-06,324,311,13,57,254,45,209
2023-06-07,324,316,8,46,270,53,217
2023-06-08,324,314,10,52,262,30,232
2023-06-09,324,314,10,56,258,24,234
2023-06-10,324,317,7,45,272,27,245
2023-06-11,323,307,16,64,243,25,218
2023-06-12,323,313,10,65,248,21,227
2023-06-13,323,321,2,75,246,35,211
2023-06-14,323,308,15,63,245,29,216
2023-06-15,323,311,12,74,237,32,205
2023-06-16,324,309,15,55,254,28,226
2023-06-17,323,313,10,73,240,28,212
2023-06-18,323,317,6,72,245,30,215
2023-06-19,323,310,13,71,239,21,218
2023-06-20,323,314,9,81,233,32,201
2023-06-21,324,314,10,48,266,32,234
2023-06-22,323,303,20,60,243,30,213
2023-06-23,323,306,17,71,235,33,202
2023-06-24,324,315,9,47,268,24,244
2023-06-25,324,308,16,46,262,37,225
2023-06-26,324,312,12,50,262,30,232
2023-06-27,324,311,13,45,266,25,241
2023-06-28,324,309,15,45,264,18,246
2023-06-29,324,315,9,47,268,34,234
2023-06-30,324,314,10,47,267,32,235
2023-07-01,324,304,20,45,259,42,217
2023-07-02,324,310,14,40,270,30,240
2023-07-03,324,314,10,46,268,28,240
2023-07-04,324,314,10,45,269,32,237
2023-07-05,324,313,11,61,252,31,221
2023-07-06,324,311,13,50,261,34,227
2023-07-07,324,316,8,61,255,17,238
2023-07-08,324,308,16,60,248,21,227
2023-07-09,324,311,13,49,262,29,233
2023-07-10,324,314,10,58,256,23,233
2023-07-11,324,307,17,54,253,28,225
2023-07-12,324,316,8,50,266,29,237
2023-07-13,324,316,8,68,248,23,225
2023-07-14,324,311,13,69,242,30,212
2023-07-15,324,309,15,72,237,26,211
2023-07-16,324,316,8,73,243,24,219
2023-07-17,324,313,11,59,254,28,226
2023-07-18,324,317,7,63,254,27,227
2023-07-19,324,317,7,46,271,22,249
2023-07-20,324,310,14,70,240,20,220
2023-07-21,324,313,11,49,264,32,232
2023-07-22,324,314,10,53,261,24,237
2023-07-23,324,317,7,48,269,37,232
2023-07-24,324,314,10,56,258,29,229
2023-07-25,324,317,7,62,255,18,237
2023-07-26,324,308,16,46,262,28,234
2023-07-27,324,306,18,61,245,34,211
2023-07-28,324,307,17,57,250,30,220
2023-07-29,324,306,18,47,259,31,228
2023-07-30,324,313,11,63,250,25,225
2023-07-31,324,308,16,54,254,26,228
2023-08-01,324,311,13,61,250,26,224
2023-08-02,324,311,13,54,257,27,230
2023-08-03,324,316,8,66,250,34,216
2023-08-04,324,308,16,51,257,31,226
2023-08-05,324,301,23,54,247,35,212
2023-08-06,324,306,18,50,256,28,228
2023-08-07,324,312,12,53,259,29,230
2023-08-08,324,315,9,53,262,29,233
2023-08-09,324,318,6,69,249,28,221
2023-08-10,324,313,11,61,252,43,209
2023-08-11,324,319,5,66,253,31,222
2023-08-12,324,308,16,60,248,28,220
2023-08-13,324,307,17,62,245,39,206
2023-08-14,324,316,8,64,252,32,220
2023-08-15,324,313,11,60,253,37,216
2023-08-16,324,307,17,62,245,33,212
2023-08-17,324,317,7,67,250,27,223
2023-08-18,324,308,16,62,246,21,225
2023-08-19,324,306,18,63,243,30,213
2023-08-20,324,304,20,52,252,35,217
2023-08-21,324,311,13,70,241,29,212
2023-08-22,324,318,6,66,252,27,225
2023-08-23,324,308,16,58,250,34,216
2023-08-24,324,310,14,71,239,27,212
2023-08-25,324,307,17,64,243,35,208
2023-08-26,324,310,14,55,255,27,228
2023-08-27,324,303,21,56,247,41,206
2023-08-28,324,314,10,57,257,35,222
2023-08-29,324,318,6,62,256,25,231
2023-08-30,324,309,15,59,250,36,214
2023-08-31,324,311,13,64,247,23,224
2023-09-01,324,307,17,58,249,34,215
2023-09-02,324,311,13,61,250,25,225
2023-09-03,324,316,8,66,250,23,227
2023-09-04,324,317,7,57,260,29,231
2023-09-05,324,318,6,58,260,34,226
2023-09-06,324,312,12,57,255,42,213
2023-09-07,324,301,23,59,242,37,205
2023-09-08,324,309,15,62,247,25,222
2023-09-09,324,307,17,57,250,29,221
2023-09-10,324,304,20,61,243,33,210
2023-09-11,324,311,13,56,255,38,217
2023-09-12,324,312,12,64,248,27,221
2023-09-13,324,307,17,66,241,27,214
2023-09-14,324,311,13,66,245,28,217
2023-09-15,324,312,12,71,241,28,213
2023-09-16,324,313,11,55,258,32,226
2023-09-17,324,303,21,55,248,25,223
2023-09-18,288,277,11,62,215,29,186
2023-09-19,324,309,15,60,249,28,221
2023-09-20,324,312,12,62,250,25,225
2023-09-21,324,312,12,58,254,52,202
2023-09-22,324,311,13,62,249,38,211
2023-09-23,324,306,18,58,248,30,218
2023-09-24,324,308,16,58,250,40,210
2023-09-25,324,316,8,74,242,27,215
2023-09-26,324,298,26,53,245,38,207
2023-09-27,324,311,13,57,254,26,228
2023-09-28,324,308,16,64,244,26,218
2023-09-29,324,305,19,64,241,36,205
2023-09-30,324,308,16,61,247,42,205
2023-10-01,324,309,15,71,238,28,210
2023-10-02,324,307,17,62,245,35,210
2023-10-03,324,310,14,61,249,38,211
2023-10-04,324,315,9,63,252,35,217
2023-10-05,324,317,7,66,251,31,220
2023-10-06,324,309,15,72,237,39,198
2023-10-07,324,304,20,52,252,39,213
2023-10-08,324,305,19,62,243,37,206
2023-10-09,324,315,9,72,243,31,212
2023-10-10,324,316,8,71,245,26,219
2023-10-11,324,316,8,68,248,34,214
2023-10-12,324,311,13,57,254,28,226
2023-10-13,324,313,11,77,236,28,208
2023-10-14,324,316,8,65,251,21,230
2023-10-15,324,313,11,57,256,32,224
2023-10-16,324,314,10,61,253,29,224
2023-10-17,324,312,12,68,244,42,202
2023-10-18,324,316,8,71,245,22,223
2023-10-19,324,316,8,67,249,31,218
2023-10-20,324,314,10,74,240,27,213
2023-10-21,324,315,9,74,241,30,211
2023-10-22,324,310,14,59,251,35,216
2023-10-23,324,310,14,66,244,36,208
2023-10-24,324,319,5,82,237,45,192
2023-10-25,324,316,8,72,244,35,209
2023-10-26,324,313,11,57,256,41,215
2023-10-27,324,317,7,77,240,30,210
2023-10-28,324,308,16,62,246,24,222
2023-10-29,324,313,11,66,247,51,196
2023-10-30,324,307,17,64,243,30,213
2023-10-31,324,307,17,50,257,31,226
2023-11-01,324,311,13,67,244,33,211
2023-11-02,324,308,16,71,237,38,199
2023-11-03,324,311,13,70,241,28,213
2023-11-04,324,309,15,56,253,40,213
2023-11-05,324,305,19,65,240,36,204
2023-11-06,324,307,17,59,248,35,213
2023-11-07,324,311,13,62,249,43,206
2023-11-08,324,308,16,55,253,40,213
2023-11-09,324,320,4,76,244,47,197
2023-11-10,324,316,8,60,256,41,215
2023-11-11,324,300,24,63,237,38,199
2023-11-12,324,309,15,59,250,27,223
2023-11-13,324,312,12,75,237,24,213
2023-11-14,324,312,12,73,239,24,215
2023-11-15,324,306,18,69,237,51,186
2023-11-16,324,309,15,74,235,36,199
2023-11-17,324,310,14,58,252,31,221
2023-11-18,304,298,6,49,249,32,217
2023-11-19,304,293,11,61,232,51,181
2023-11-20,304,296,8,67,229,40,189
2023-11-21,304,291,13,61,230,45,185
2023-11-22,304,297,7,68,229,41,188
2023-11-23,324,318,6,70,248,29,219
2023-11-24,324,317,7,71,246,31,215
2023-11-25,324,310,14,67,243,40,203
2023-11-26,324,313,11,58,255,25,230
2023-11-27,324,314,10,73,241,41,200
2023-11-28,324,310,14,65,245,25,220
2023-11-29,324,313,11,67,246,24,222
2023-11-30,324,314,10,80,234,28,206
2023-12-01,324,310,14,66,244,51,193
2023-12-02,324,315,9,84,231,42,189
2023-12-03,324,311,13,69,242,42,200
2023-12-04,324,308,16,67,241,47,194
2023-12-05,324,309,15,82,227,49,178
2023-12-06,337,326,11,66,260,48,212
2023-12-07,324,313,11,67,246,43,203
2023-12-08,324,310,14,75,235,41,194
2023-12-09,324,312,12,73,239,66,173
2023-12-10,324,314,10,79,235,70,165
2023-12-11,324,317,7,83,234,63,171
2023-12-12,324,316,8,67,249,57,192
2023-12-13,324,309,15,72,237,66,171
2023-12-14,324,314,10,78,236,58,178
2023-12-15,324,311,13,75,236,56,180
2023-12-16,324,313,11,67,246,51,195
2023-12-17,324,308,16,80,228,49,179
2023-12-18,324,314,10,66,248,58,190
2023-12-19,324,312,12,71,241,59,182
2023-12-20,324,312,12,62,250,58,192
2023-12-21,324,317,7,64,253,63,190
2023-12-22,324,311,13,50,261,54,207
2023-12-23,324,305,19,71,234,55,179
2023-12-24,324,311,13,65,246,56,190
2023-12-25,324,317,7,66,251,64,187
2023-12-26,324,314,10,57,257,65,192
2023-12-27,324,313,11,73,240,58,182
2023-12-28,324,313,11,68,245,52,193
2023-12-29,324,313,11,71,242,41,201
2023-12-30,324,314,10,85,229,56,173
2023-12-31,324,316,8,77,239,39,200
2024-01-01,324,314,10,62,252,69,183
2024-01-02,324,315,9,69,246,57,189
2024-01-03,324,312,12,74,238,67,171
2024-01-04,324,312,12,68,244,66,178
2024-01-05,324,311,13,69,242,57,185
2024-01-06,316,300,16,65,235,59,176
2024-01-07,316,305,11,66,239,55,184
2024-01-08,316,307,9,68,239,60,179
2024-01-09,315,294,21,62,232,62,170
2024-01-10,315,295,20,55,240,66,174
2024-01-11,279,269,10,72,197,51,146
2024-01-12,315,296,19,81,215,49,166
2024-01-13,315,295,20,68,227,49,178
2024-01-14,315,302,13,78,224,55,169
2024-01-15,314,301,13,82,219,50,169
2024-01-16,288,274,14,62,212,40,172
2024-01-17,315,299,16,63,236,43,193
2024-01-18,314,297,17,57,240,65,175
2024-01-19,313,298,15,56,242,70,172
2024-01-20,313,299,14,64,235,64,171
2024-01-21,313,297,16,74,223,53,170
2024-01-22,313,301,12,70,231,32,199
2024-01-23,313,301,12,67,234,39,195
2024-01-24,313,295,18,59,236,55,181
2024-01-25,313,296,17,63,233,49,184
2024-01-26,313,296,17,67,229,45,184
2024-01-27,313,290,23,63,227,42,185
2024-01-28,313,298,15,57,241,46,195
2024-01-29,313,296,17,59,237,46,191
2024-01-30,313,305,8,65,240,36,204
2024-01-31,300,283,17,45,238,36,202
2024-02-01,313,296,17,61,235,42,193
2024-02-02,314,298,16,63,235,42,193
2024-02-03,300,292,8,45,247,44,203
2024-02-04,313,297,16,56,241,46,195
2024-02-05,313,300,13,58,242,41,201
2024-02-06,300,281,19,42,239,36,203
2024-02-07,261,251,10,38,213,40,173
2024-02-08,274,263,11,61,202,37,165
2024-02-09,274,270,4,66,204,39,165
2024-02-10,274,267,7,52,215,27,188
2024-02-11,275,268,7,51,217,41,176
2024-02-12,274,264,10,47,217,41,176
2024-02-13,275,267,8,64,203,37,166
2024-02-14,313,295,18,54,241,27,214
2024-02-15,313,300,13,65,235,39,196
2024-02-16,313,296,17,59,237,47,190
2024-02-17,313,302,11,54,248,43,205
2024-02-18,301,292,9,52,240,46,194
2024-02-19,301,290,11,44,246,34,212
2024-02-20,314,306,8,53,253,38,215
2024-02-21,314,302,12,53,249,47,202
2024-02-22,313,297,16,62,235,45,190
2024-02-23,313,301,12,49,252,34,218
2024-02-24,313,304,9,59,245,46,199
2024-02-25,313,301,12,53,248,41,207
2024-02-26,313,304,9,60,244,39,205
2024-02-27,313,301,12,56,245,39,206
2024-02-28,299,295,4,59,236,48,188
2024-02-29,301,291,10,45,246,45,201
2024-03-01,300,289,11,42,247,40,207
2024-03-02,300,282,18,54,228,39,189
2024-03-03,313,297,16,49,248,45,203
2024-03-04,300,284,16,45,239,47,192
2024-03-05,313,296,17,57,239,45,194
2024-03-06,314,301,13,68,233,46,187
2024-03-07,314,302,12,61,241,45,196
2024-03-08,300,291,9,50,241,46,195
2024-03-09,301,291,10,48,243,51,192
2024-03-10,263,248,15,26,222,49,173
2024-03-11,263,254,9,44,210,54,156
2024-03-12,263,248,15,42,206,44,162
2024-03-13,276,265,11,53,212,43,169
2024-03-14,276,263,13,48,215,37,178
2024-03-15,276,266,10,53,213,53,160
2024-03-16,313,299,14,66,233,44,189
2024-03-17,313,304,9,76,228,64,164
2024-03-18,314,303,11,70,233,64,169
2024-03-19,314,303,11,64,239,65,174
2024-03-20,312,303,9,70,233,72,161
2024-03-21,312,307,5,70,237,64,173
2024-03-22,311,295,16,61,234,64,170
2024-03-23,311,303,8,64,239,70,169
2024-03-24,311,297,14,69,228,69,159
2024-03-25,274,257,17,41,216,69,147
2024-03-26,311,306,5,65,241,70,171
2024-03-27,312,302,10,66,236,64,172
2024-03-28,312,298,14,58,240,63,177
2024-03-29,312,302,10,75,227,75,152
2024-03-30,312,300,12,50,250,65,185
2024-03-31,312,302,10,71,231,65,166
2024-04-01,312,301,11,61,240,64,176
2024-04-02,312,304,8,69,235,69,166
2024-04-03,311,304,7,72,232,64,168
2024-04-04,311,299,12,68,231,59,172
2024-04-05,312,306,6,71,235,68,167
2024-04-06,311,295,16,57,238,66,172
2024-04-07,312,304,8,64,240,63,177
2024-04-08,312,308,4,67,241,67,174
2024-04-09,311,303,8,77,226,65,161
2024-04-10,311,302,9,66,236,67,169
2024-04-11,311,304,7,80,224,64,160
2024-04-12,310,301,9,81,220,57,163
2024-04-13,311,299,12,60,239,65,174
2024-04-14,311,296,15,54,242,56,186
2024-04-15,311,299,12,70,229,61,168
2024-04-16,273,263,10,52,211,58,153
2024-04-17,273,264,9,54,210,53,157
2024-04-18,273,265,8,55,210,55,155
2024-04-19,273,266,7,42,224,61,163
2024-04-20,260,253,7,46,207,57,150
2024-04-21,273,266,7,44,222,59,163
2024-04-22,273,267,6,51,216,61,155
2024-04-23,274,267,7,52,215,63,152
2024-04-24,306,295,11,61,234,64,170
2024-04-25,308,297,11,57,240,60,180
2024-04-26,308,298,10,63,235,60,175
2024-04-27,308,297,11,59,238,67,171
2024-04-28,308,297,11,63,234,62,172
2024-04-29,308,300,8,59,241,58,183
2024-04-30,308,294,14,68,226,63,163
2024-05-01,310,301,9,57,244,58,186
2024-05-02,309,300,9,52,248,66,182
2024-05-03,310,304,6,60,244,67,177
2024-05-04,310,298,12,56,242,67,175
2024-05-05,310,303,7,54,249,64,185
2024-05-06,309,299,10,60,239,63,176
2024-05-07,297,289,8,46,243,66,177
2024-05-08,310,301,9,58,243,63,180
2024-05-09,310,304,6,55,249,66,183
2024-05-10,310,304,6,62,242,70,172
2024-05-11,297,288,9,52,236,58,178
2024-05-12,310,302,8,60,242,60,182
2024-05-13,310,301,9,66,235,73,162
2024-05-14,297,281,16,47,234,61,173
2024-05-15,296,287,9,50,237,66,171
2024-05-16,309,300,9,66,234,64,170
2024-05-17,310,297,13,63,234,69,165
2024-05-18,294,284,10,58,226,70,156
2024-05-19,308,301,7,67,234,62,172
2024-05-20,308,302,6,61,241,64,177
2024-05-21,307,301,6,61,240,57,183
2024-05-22,308,302,6,65,237,64,173
2024-05-23,294,284,10,59,225,60,165
2024-05-24,307,288,19,75,213,59,154
2024-05-25,306,295,11,57,238,63,175
2024-05-26,306,303,3,58,245,63,182
2024-05-27,292,283,9,58,225,64,161
2024-05-28,292,283,9,53,230,59,171
2024-05-29,301,296,5,70,226,57,169
2024-05-30,288,280,8,52,228,58,170
2024-05-31,288,280,8,52,228,60,168
2024-06-01,301,291,10,74,217,56,161
2024-06-02,301,281,20,68,213,58,155
2024-06-03,288,274,14,61,213,55,158
2024-06-04,288,278,10,57,221,56,165
2024-06-05,288,281,7,59,222,55,167
2024-06-06,300,286,14,73,213,57,156
2024-06-07,300,289,11,65,224,49,175
2024-06-08,285,269,16,68,201,48,153
2024-06-09,286,274,12,54,220,51,169
2024-06-10,299,292,7,61,231,52,179
2024-06-11,299,292,7,62,230,50,180
2024-06-12,299,295,4,68,227,51,176
2024-06-13,285,278,7,53,225,52,173
2024-06-14,286,276,10,59,217,53,164
2024-06-15,299,283,16,57,226,52,174
2024-06-16,285,281,4,68,213,48,165
2024-06-17,286,278,8,62,216,55,161
2024-06-18,299,283,16,68,215,52,163
2024-06-19,285,275,10,65,210,55,155
2024-06-20,260,253,7,63,190,42,148
2024-06-21,285,277,8,70,207,46,161
2024-06-22,286,278,8,62,216,50,166
2024-06-23,270,264,6,59,205,43,162
2024-06-24,297,281,16,64,217,49,168
2024-06-25,283,277,6,63,214,45,169
2024-06-26,284,279,5,51,228,43,185
2024-06-27,283,274,9,61,213,48,165
2024-06-28,296,285,11,75,210,43,167
2024-06-29,296,293,3,91,202,46,156
2024-06-30,269,262,7,77,185,37,148
2024-07-01,296,287,9,89,198,49,149
2024-07-02,283,266,17,77,189,44,145
2024-07-03,295,289,6,89,200,49,151
2024-07-04,295,282,13,73,209,42,167
2024-07-05,295,288,7,70,218,56,162
2024-07-06,295,278,17,78,200,47,153
2024-07-07,281,272,9,85,187,50,137
2024-07-08,295,286,9,83,203,46,157
2024-07-09,294,286,8,69,217,51,166
2024-07-10,294,279,15,86,193,50,143
2024-07-11,294,284,10,88,196,43,153
2024-07-12,294,280,14,86,194,46,148
2024-07-13,294,280,14,67,213,50,163
2024-07-14,294,281,13,95,186,49,137
2024-07-15,294,286,8,83,203,47,156
2024-07-16,294,284,10,91,193,38,155
2024-07-17,294,284,10,90,194,49,145
2024-07-18,294,283,11,92,191,46,145
2024-07-19,294,288,6,98,190,49,141
2024-07-20,294,271,23,79,192,46,146
2024-07-21,294,290,4,92,198,43,155
2024-07-22,294,282,12,90,192,42,150
2024-07-23,294,284,10,83,201,41,160
2024-07-24,294,284,10,86,198,43,155
2024-07-25,294,286,8,95,191,40,151
2024-07-26,294,285,9,89,196,46,150
2024-07-27,294,289,5,99,190,40,150
2024-07-28,280,269,11,79,190,39,151
2024-07-29,294,286,8,73,213,44,169
2024-07-30,294,283,11,95,188,51,137
2024-07-31,294,290,4,97,193,43,150
2024-08-01,294,283,11,85,198,45,153
2024-08-02,294,286,8,89,197,40,157
2024-08-03,294,286,8,93,193,46,147
2024-08-04,294,284,10,78,206,45,161
2024-08-05,294,281,13,69,212,44,168
2024-08-06,294,278,16,75,203,50,153
2024-08-07,294,282,12,87,195,42,153
2024-08-08,281,266,15,77,189,44,145
2024-08-09,294,286,8,90,196,43,153
2024-08-10,244,240,4,67,173,36,137
2024-08-11,281,270,11,81,189,41,148
2024-08-12,280,271,9,75,196,43,153
2024-08-13,294,283,11,94,189,40,149
2024-08-14,295,288,7,88,200,38,162
2024-08-15,280,274,6,90,184,39,145
2024-08-16,267,262,5,69,193,39,154
2024-08-17,279,273,6,78,195,39,156
2024-08-18,292,287,5,94,193,40,153
2024-08-19,278,272,6,74,198,44,154
2024-08-20,265,260,5,60,200,42,158
2024-08-21,279,274,5,80,194,40,154
2024-08-22,292,285,7,76,209,33,176
2024-08-23,278,266,12,68,198,45,153
2024-08-24,278,274,4,78,196,42,154
2024-08-25,265,254,11,71,183,33,150
2024-08-26,292,281,11,80,201,40,161
2024-08-27,292,286,6,81,205,44,161
2024-08-28,311,305,6,101,204,35,169
2024-08-29,311,299,12,85,214,42,172
2024-08-30,311,302,9,75,227,43,184
2024-08-31,284,276,8,69,207,38,169
2024-09-01,311,300,11,81,219,37,182
2024-09-02,284,280,4,88,192,30,162
2024-09-03,298,291,7,74,217,34,183
2024-09-04,311,301,10,79,222,45,177
2024-09-05,284,277,7,87,190,26,164
2024-09-06,284,268,16,63,205,35,170
2024-09-07,311,306,5,60,246,45,201
2024-09-08,285,275,10,79,196,38,158
2024-09-09,298,287,11,81,206,33,173
2024-09-10,287,281,6,97,184,34,150
2024-09-11,311,300,11,79,221,33,188
2024-09-12,311,298,13,91,207,62,145
2024-09-13,284,277,7,91,186,67,119
2024-09-14,311,300,11,92,208,62,146
2024-09-15,311,300,11,74,226,61,165
2024-09-16,284,269,15,79,190,57,133
2024-09-17,311,303,8,79,224,29,195
2024-09-18,311,302,9,92,210,28,182
2024-09-19,284,283,1,88,195,31,164
2024-09-20,311,302,9,95,207,35,172
2024-09-21,311,293,18,101,192,35,157
2024-09-22,298,290,8,77,213,38,175
2024-09-23,284,274,10,74,200,37,163
2024-09-24,311,303,8,90,213,46,167
2024-09-25,284,279,5,80,199,40,159
2024-09-26,311,299,12,91,208,31,177
2024-09-27,298,289,9,82,207,33,174
2024-09-28,298,294,4,84,210,35,175
2024-09-29,298,284,14,82,202,39,163
2024-09-30,311,302,9,87,215,30,185
2024-10-01,311,298,13,88,210,37,173
2024-10-02,311,298,13,92,206,34,172
2024-10-03,298,286,12,62,224,34,190
2024-10-04,311,306,5,92,214,33,181
2024-10-05,311,300,11,90,210,39,171
2024-10-06,311,298,13,80,218,32,186
2024-10-07,311,295,16,79,216,38,178
2024-10-08,311,296,15,70,226,35,191
2024-10-09,311,300,11,93,207,37,170
2024-10-10,311,302,9,76,226,26,200
2024-10-11,298,286,12,83,203,30,173
2024-10-12,298,293,5,81,212,31,181
2024-10-13,311,296,15,73,223,30,193
2024-10-14,311,301,10,90,211,37,174
2024-10-15,311,302,9,105,197,40,157
2024-10-16,311,302,9,89,213,31,182
2024-10-17,311,303,8,101,202,36,166
2024-10-18,311,302,9,71,231,38,193
2024-10-19,311,301,10,85,216,36,180
2024-10-20,311,301,10,88,213,32,181
2024-10-21,311,299,12,78,221,29,192
2024-10-22,311,310,1,103,207,38,169
2024-10-23,311,304,7,97,207,35,172
2024-10-24,311,300,11,80,220,35,185
2024-10-25,311,296,15,63,233,40,193
2024-10-26,311,306,5,99,207,30,177
2024-10-27,298,289,9,74,215,37,178
2024-10-28,311,298,13,76,222,48,174
2024-10-29,311,297,14,99,198,30,168
2024-10-30,311,303,8,101,202,30,172
2024-10-31,311,303,8,103,200,35,165
2024-11-01,311,299,12,77,222,29,193
2024-11-02,297,290,7,78,212,30,182
2024-11-03,311,304,7,95,209,27,182
2024-11-04,311,303,8,100,203,33,170
2024-11-05,311,305,6,106,199,36,163
2024-11-06,311,305,6,104,201,34,167
2024-11-07,311,306,5,101,205,26,179
2024-11-08,311,297,14,97,200,24,176
2024-11-09,311,297,14,97,200,200,0
2024-11-10,311,297,14,97,200,200,0
2024-11-11,298,291,7,79,212,28,184
2024-11-12,298,291,7,79,212,212,0
2024-11-13,298,288,10,71,217,35,182
2024-11-14,311,302,9,103,199,31,168
2024-11-15,311,299,12,91,208,26,182
2024-11-16,311,305,6,97,208,36,172
2024-11-17,311,303,8,98,205,30,175
2024-11-18,311,303,8,98,205,205,0
2024-11-19,311,302,9,84,218,22,196
2024-11-20,311,302,9,84,218,218,0
2024-11-21,298,291,7,63,228,28,200
2024-11-22,311,305,6,96,209,25,184
2024-11-23,298,294,4,79,215,31,184
2024-11-24,297,293,4,95,198,30,168
2024-11-25,311,305,6,98,207,28,179
2024-11-26,298,291,7,65,226,33,193
2024-11-27,298,295,3,81,214,38,176
2024-11-28,297,286,11,81,205,29,176
2024-11-29,297,286,11,81,205,205,0
2024-11-30,264,257,7,74,183,22,161
2024-12-01,274,270,4,73,197,32,165
2024-12-02,237,231,6,63,168,35,133
2024-12-03,274,268,6,56,212,35,177
2024-12-04,260,256,4,68,188,28,160
2024-12-05,274,268,6,74,194,29,165
2024-12-06,260,255,5,74,181,24,157
2024-12-07,274,266,8,78,188,26,162
2024-12-08,274,261,13,68,193,31,162
2024-12-09,274,265,9,57,208,34,174
2024-12-10,274,268,6,69,199,30,169
2024-12-11,274,264,10,65,199,27,172
2024-12-12,0,304,-304,74,230,32,198
2024-12-13,0,305,-305,80,225,37,188
2024-12-14,0,313,-313,69,244,37,207
2024-12-15,0,310,-310,59,251,38,213
2024-12-16,0,298,-298,68,230,28,202
2024-12-17,0,306,-306,62,244,36,208
2024-12-18,0,303,-303,57,246,33,213
2024-12-19,0,301,-301,70,231,25,206
2024-12-20,0,297,-297,73,224,30,194
2024-12-21,0,304,-304,66,238,29,209
2024-12-22,0,306,-306,64,242,28,214
2024-12-23,0,305,-305,83,222,29,193
2024-12-24,0,295,-295,80,215,28,187
2024-12-25,0,307,-307,84,223,20,203
2024-12-26,0,305,-305,66,239,30,209
2024-12-27,0,303,-303,75,228,36,192
2024-12-28,0,270,-270,80,190,31,159
2024-12-29,0,301,-301,84,217,26,191
2024-12-30,0,293,-293,84,209,19,190
2024-12-31,0,307,-307,85,222,19,203
2025-01-01,0,311,-311,72,239,26,213
2025-01-02,0,307,-307,60,247,36,211
2025-01-03,0,305,-305,85,220,27,193
2025-01-04,0,290,-290,85,205,25,180
2025-01-05,0,308,-308,81,227,29,198
2025-01-06,0,308,-308,71,237,26,211
2025-01-07,0,302,-302,80,222,29,193
2025-01-08,0,273,-273,49,224,31,193
2025-01-09,0,303,-303,73,230,27,203
2025-01-10,0,306,-306,67,239,29,210
2025-01-11,0,308,-308,68,240,30,210
2025-01-12,0,306,-306,72,234,34,200
2025-01-13,0,306,-306,71,235,25,210
2025-01-14,0,307,-307,79,228,24,204
2025-01-15,0,305,-305,66,239,28,211
2025-01-16,0,296,-296,66,230,24,206
2025-01-17,0,266,-266,70,196,27,169
2025-01-18,0,305,-305,78,227,25,202
2025-01-19,0,303,-303,85,218,29,189
2025-01-20,0,303,-303,72,231,29,202
2025-01-21,0,303,-303,52,251,35,216
2025-01-22,0,306,-306,75,231,29,202
2025-01-23,0,310,-310,81,229,30,199
2025-01-24,0,310,-310,61,249,24,225
2025-01-25,0,292,-292,50,242,30,212
2025-01-26,0,307,-307,74,233,28,205
2025-01-27,0,303,-303,70,233,33,200
2025-01-28,0,311,-311,69,242,34,208
2025-01-29,0,306,-306,88,218,32,186
2025-01-30,0,308,-308,76,232,30,202
2025-01-31,0,302,-302,53,249,31,218
2025-02-01,0,265,-265,50,215,27,188
2025-02-02,0,309,-309,71,238,28,210
2025-02-03,0,304,-304,69,235,31,204
2025-02-04,0,302,-302,68,234,33,201
2025-02-05,0,292,-292,64,228,25,203
2025-02-06,0,310,-310,89,221,25,196
2025-02-07,0,305,-305,71,234,28,206
2025-02-08,0,301,-301,84,217,32,185
2025-02-09,0,307,-307,83,224,32,192
2025-02-10,0,307,-307,83,224,26,198
2025-02-11,0,305,-305,84,221,30,191
2025-02-12,0,299,-299,61,238,31,207
2025-02-13,0,306,-306,56,250,24,226
2025-02-14,0,289,-289,78,211,29,182
2025-02-15,0,310,-310,71,239,24,215
2025-02-16,0,296,-296,59,237,29,208
2025-02-17,0,289,-289,62,227,29,198
2025-02-18,0,308,-308,72,236,29,207
2025-02-19,0,306,-306,77,229,32,197
2025-02-20,0,307,-307,84,223,34,189
2025-02-21,0,264,-264,68,196,23,173
2025-02-22,0,307,-307,75,232,32,200
2025-02-23,0,308,-308,78,230,24,206
2025-02-24,0,309,-309,62,247,25,222
2025-02-25,0,309,-309,66,243,23,220
2025-02-26,0,306,-306,89,217,28,189
2025-02-27,0,307,-307,85,222,31,191
2025-02-28,0,302,-302,62,240,29,211
2025-03-01,0,311,-311,92,219,28,191
2025-03-02,0,305,-305,76,229,19,210
2025-03-03,0,310,-310,75,235,31,204
2025-03-04,0,312,-312,83,229,28,201
2025-03-05,0,304,-304,68,236,32,204
2025-03-06,0,268,-268,58,210,38,172
2025-03-07,0,306,-306,81,225,35,190
2025-03-08,0,308,-308,89,219,31,188
2025-03-09,0,269,-269,73,196,30,166
2025-03-10,0,304,-304,72,232,26,206
2025-03-11,0,309,-309,78,231,24,207
2025-03-12,0,262,-262,70,192,29,163
2025-03-13,0,288,-288,65,223,31,192
2025-03-14,0,288,-288,76,212,25,187
2025-03-15,0,287,-287,76,211,26,185
2025-03-16,0,287,-287,80,207,19,188
2025-03-17,0,283,-283,29,254,21,233
2025-03-18,0,280,-280,28,252,21,231
2025-03-19,0,283,-283,32,251,20,231
2025-03-20,0,280,-280,47,233,15,218
2025-03-21,0,283,-283,35,248,26,222
2025-03-22,0,285,-285,36,249,24,225
2025-03-23,0,288,-288,34,254,19,235
2025-03-24,0,281,-281,38,243,23,220
2025-03-25,0,285,-285,46,239,21,218
2025-03-26,0,285,-285,44,241,16,225
2025-03-27,0,283,-283,30,253,21,232
2025-03-28,0,284,-284,35,249,19,230
2025-03-29,0,289,-289,50,239,40,199
2025-03-30,0,289,-289,41,248,44,204
2025-03-31,0,289,-289,37,252,44,208
2025-04-01,0,289,-289,53,236,41,195
2025-04-02,0,291,-291,52,239,43,196
2025-04-03,0,0,0,0,0,0,0
2025-04-04,0,287,-287,40,247,0,247
2025-04-05,0,282,-282,35,247,42,205
2025-04-06,0,287,-287,48,239,44,195
2025-04-07,0,282,-282,38,244,43,201
2025-04-08,0,287,-287,38,249,43,206
2025-04-09,0,280,-280,44,236,47,189
2025-04-10,0,286,-286,44,242,43,199
2025-04-11,0,285,-285,34,251,40,211
2025-04-12,0,286,-286,30,256,48,208
2025-04-13,0,282,-282,37,245,46,199
2025-04-14,0,284,-284,41,243,44,199
2025-04-15,0,285,-285,49,236,39,197
2025-04-16,0,291,-291,47,244,37,207
2025-04-17,0,279,-279,42,237,38,199
2025-04-18,0,221,-221,52,169,14,155
2025-04-19,0,288,-288,60,228,25,203
2025-04-20,0,283,-283,57,226,44,182
2025-04-21,0,287,-287,61,226,51,175
2025-04-22,0,244,-244,57,187,32,155
2025-04-23,0,286,-286,49,237,37,200
2025-04-24,0,282,-282,56,226,49,177
2025-04-25,0,285,-285,73,212,47,165
2025-04-26,0,290,-290,57,233,50,183
2025-04-27,0,281,-281,57,224,51,173
2025-04-28,0,284,-284,60,224,50,174
2025-04-29,0,288,-288,78,210,46,164
2025-04-30,0,249,-249,79,170,48,122
2025-05-01,0,241,-241,62,179,39,140
2025-05-02,0,252,-252,75,177,37,140
2025-05-03,0,251,-251,63,188,36,152
2025-05-04,0,230,-230,45,185,36,149
2025-05-05,0,246,-246,71,175,35,140
2025-05-06,0,250,-250,54,196,34,162
2025-05-07,0,247,-247,53,194,40,154
2025-05-08,0,228,-228,60,168,30,138
2025-05-09,0,245,-245,58,187,37,150
2025-05-10,0,250,-250,85,165,32,133
2025-05-11,0,250,-250,50,200,35,165
2025-05-12,0,246,-246,53,193,34,159
2025-05-13,0,250,-250,54,196,35,161
2025-05-14,0,254,-254,59,195,40,155
2025-05-15,0,249,-249,62,187,31,156
2025-05-16,0,247,-247,59,188,33,155
2025-05-17,0,251,-251,65,186,34,152
2025-05-18,0,250,-250,58,192,35,157
2025-05-19,0,280,-280,64,216,39,177
2025-05-20,0,266,-266,48,218,41,177
2025-05-21,0,282,-282,59,223,37,186
2025-05-22,0,285,-285,66,219,37,182
2025-05-23,0,302,-302,83,219,32,187
2025-05-24,0,326,-326,82,244,34,210
2025-05-25,0,320,-320,77,243,42,201
2025-05-26,0,298,-298,63,235,22,213
2025-05-27,0,288,-288,45,243,17,226
2025-05-28,0,284,-284,54,230,20,210
2025-05-29,0,285,-285,56,229,13,216
2025-05-30,0,284,-284,49,235,16,219
2025-05-31,0,285,-285,58,227,20,207
2025-06-01,0,326,-326,73,253,16,237
2025-06-02,0,321,-321,73,248,14,234
2025-06-03,0,319,-319,71,248,20,228
2025-06-04,0,324,-324,74,250,19,231
2025-06-05,0,321,-321,63,258,20,238
2025-06-06,0,325,-325,75,250,19,231
2025-06-07,0,324,-324,70,254,23,231
2025-06-08,0,323,-323,74,249,18,231
2025-06-09,0,319,-319,77,242,17,225
2025-06-10,0,322,-322,79,243,14,229
2025-06-11,0,296,-296,62,234,17,217
2025-06-12,0,315,-315,85,230,17,213
2025-06-13,0,323,-323,78,245,17,228
2025-06-14,0,320,-320,88,232,19,213
2025-06-15,0,322,-322,65,257,12,245
2025-06-16,0,323,-323,70,253,26,227
2025-06-17,0,319,-319,76,243,14,229
2025-06-18,0,322,-322,68,254,25,229
2025-06-19,0,321,-321,74,247,19,228
2025-06-20,0,324,-324,91,233,29,204
2025-06-21,0,304,-304,89,215,27,188
2025-06-22,0,322,-322,86,236,26,210
2025-06-23,0,320,-320,77,243,25,218
2025-06-24,0,318,-318,77,241,29,212
2025-06-25,0,326,-326,94,232,14,218
2025-06-26,0,322,-322,75,247,24,223
2025-06-27,0,325,-325,82,243,33,210
2025-06-28,0,302,-302,93,209,23,186
2025-06-29,0,308,-308,70,238,21,217
2025-06-30,0,321,-321,72,249,22,227
2025-07-01,0,324,-324,79,245,29,216
2025-07-02,0,318,-318,77,241,28,213
2025-07-03,0,321,-321,84,237,24,213
2025-07-04,0,321,-321,71,250,19,231
2025-07-05,0,310,-310,49,261,22,239
2025-07-06,0,311,-311,47,264,24,240
2025-07-07,0,311,-311,43,268,15,253
2025-07-08,0,312,-312,50,262,22,240
2025-07-09,0,312,-312,47,265,17,248
2025-07-10,0,311,-311,37,274,19,255
2025-07-11,0,310,-310,54,256,27,229
2025-07-12,0,303,-303,41,262,20,242
2025-07-13,0,314,-314,50,264,26,238
2025-07-14,0,311,-311,55,256,20,236
2025-07-15,0,312,-312,49,263,14,249
2025-07-16,0,309,-309,47,262,13,249
2025-07-17,0,314,-314,49,265,17,248
2025-07-18,0,314,-314,52,262,22,240
2025-07-19,0,317,-317,50,267,24,243
2025-07-20,0,311,-311,49,262,23,239
2025-07-21,0,311,-311,55,256,22,234
2025-07-22,0,312,-312,56,256,17,239
2025-07-23,0,304,-304,53,251,18,233
2025-07-24,0,310,-310,56,254,19,235
2025-07-25,0,290,-290,43,247,23,224
2025-07-26,0,312,-312,59,253,24,229
2025-07-27,0,306,-306,51,255,21,234
2025-07-28,0,309,-309,46,263,23,240
2025-07-29,0,313,-313,51,262,26,236
2025-07-30,0,309,-309,50,259,26,233
2025-07-31,0,312,-312,56,256,19,237
2025-08-01,0,309,-309,49,260,18,242
2025-08-02,0,289,-289,34,255,19,236
2025-08-03,0,309,-309,74,235,16,219
2025-08-04,0,316,-316,74,242,14,228
2025-08-05,0,309,-309,54,255,21,234
2025-08-06,0,313,-313,43,270,23,247
2025-08-07,0,315,-315,49,266,15,251
2025-08-08,0,314,-314,57,257,22,235
2025-08-09,0,285,-285,54,231,16,215
2025-08-10,0,293,-293,38,255,21,234
2025-08-11,0,312,-312,58,254,28,226
2025-08-12,0,313,-313,57,256,36,220
2025-08-13,0,313,-313,63,250,13,237
2025-08-14,0,315,-315,53,262,12,250
2025-08-15,0,313,-313,59,254,27,227
2025-08-16,0,314,-314,49,265,20,245
2025-08-17,0,312,-312,47,265,20,245
2025-08-18,0,298,-298,43,255,23,232
2025-08-19,0,312,-312,41,271,17,254
2025-08-20,0,310,-310,58,252,18,234
2025-08-21,0,306,-306,47,259,20,239
2025-08-22,0,311,-311,54,257,23,234
2025-08-23,0,289,-289,39,250,29,221
2025-08-24,0,315,-315,51,264,19,245
2025-08-25,0,299,-299,41,258,23,235
2025-08-26,0,289,-289,43,246,18,228
2025-08-27,0,316,-316,56,260,20,240
2025-08-28,0,331,-331,54,277,22,255
2025-08-29,0,307,-307,48,259,20,239
2025-08-30,0,312,-312,50,262,20,242
2025-08-31,0,310,-310,98,212,13,199
2025-09-01,0,312,-312,53,259,17,242
2025-09-02,0,313,-313,53,260,21,239
2025-09-03,0,308,-308,53,255,14,241
2025-09-04,0,312,-312,47,265,17,248
2025-09-05,0,295,-295,42,253,29,224
2025-09-06,0,309,-309,60,249,25,224
2025-09-07,0,301,-301,50,251,25,226
2025-09-08,0,313,-313,39,274,27,247
2025-09-09,0,294,-294,48,246,22,224
2025-09-10,0,314,-314,43,271,20,251
2025-09-11,0,313,-313,49,264,26,238
2025-09-12,0,313,-313,57,256,24,232
2025-09-13,0,314,-314,45,269,19,250
2025-09-14,0,311,-311,50,261,15,246
2025-09-15,0,305,-305,46,259,24,235
2025-09-16,0,307,-307,60,247,27,220
2025-09-17,0,312,-312,43,269,19,250
2025-09-18,0,309,-309,43,266,18,248
2025-09-19,0,314,-314,59,255,15,240
2025-09-20,0,307,-307,42,265,27,238
2025-09-21,0,308,-308,38,270,30,240
2025-09-22,0,305,-305,55,250,21,229
2025-09-23,0,314,-314,55,259,21,238
